5103000.0 828871.0 111172.0 11673.0 888.0 43.0 1.0 0.0 0.0 0.0 0.0 
97924.0 27343.0 6873.0 1519.0 285.0 43.0 4.0 0.0 0.0 0.0 0.0 
1222.0 930.0 555.0 280.0 120.0 43.0 12.0 2.0 0.0 0.0 0.0 
9.0 42.0 67.0 74.0 64.0 43.0 22.0 7.0 1.0 0.0 0.0 
0.0 2.0 12.0 27.0 40.0 43.0 33.0 16.0 3.0 0.0 0.0 
0.0 0.0 3.0 12.0 29.0 43.0 42.0 25.0 7.0 0.0 0.0 
0.0 0.0 1.0 7.0 22.0 43.0 50.0 34.0 10.0 0.0 0.0 
0.0 0.0 0.0 4.0 19.0 43.0 56.0 41.0 13.0 0.0 0.0 
0.0 0.0 0.0 3.0 17.0 43.0 60.0 46.0 15.0 0.0 0.0 
0.0 0.0 0.0 2.0 16.0 43.0 63.0 49.0 16.0 0.0 0.0 
0.0 0.0 0.0 2.0 15.0 43.0 64.0 50.0 16.0 0.0 0.0 
