1.0 0.03 0.0 0.0 0.0 0.0 0.0 0.0 0.0 0.0 0.0 
0.36 0.54 0.17 0.03 0.0 0.0 0.0 0.0 0.0 0.0 0.0 
0.11 0.74 0.48 0.08 0.06 0.01 0.03 0.0 0.0 0.0 0.0 
0.03 0.65 0.49 0.24 0.26 0.14 0.02 0.0 0.0 0.0 0.0 
0.0 0.53 0.61 0.35 0.36 0.2 0.18 0.04 0.01 0.0 0.0 
0.0 0.39 0.72 0.7 0.63 0.51 0.36 0.11 0.0 0.0 0.0 
0.0 0.29 0.74 0.82 0.78 0.6 0.46 0.24 0.04 0.0 0.0 
0.0 0.23 0.69 0.93 0.89 0.86 0.62 0.42 0.09 0.0 0.0 
0.0 0.09 0.7 0.94 0.98 0.92 0.8 0.42 0.15 0.0 0.0 
0.0 0.06 0.46 0.96 0.99 0.98 0.94 0.71 0.15 0.03 0.0 
0.0 0.01 0.3 0.8 0.98 1.0 0.95 0.69 0.29 0.01 0.0 
