5103000 828871.3424727590744226054538 111172.2214574610421620281210 11673.97504843135809169225796 888.3879860206717723448552958 43.4997439384460449218750000 1.124035539720205798615653515 0.01058950769199870893179976332 0.00001593107271452205468039190804 2.809047024025238991045047992E-10 5.442099798264473664768265922E-235 
97924.67458937379447983821681 27343.32279243691356138757017 6873.928917060414491940800693 1519.038341987979206415486535 285.5299144395084113804078223 43.4997439384460449218750000 4.975935738008515820990417900 0.3734641207518061308458484249 0.01385108171255550849209160544 0.0001083385677558042231388252501 4.425740663233090136374852889E-80 
1222.819339196109325539225295 930.8168690811905343398237132 555.6011425711186698380046939 280.2205852052239225671866820 120.7136176172623994313821987 43.4997439384460449218750000 12.42163743771707668009738369 2.509181429963057323213003399 0.2756653635102593080613442813 0.007082978784823142851163592029 9.843004683497639872506666321E-78 
9.057948388435313176104488229 42.08943876371248651101177145 67.43212804444993369968377456 74.60404151590130401212226420 64.10298633580000759863919676 43.4997439384460449218750000 22.44214085600068413747207501 7.906368387106251705663083567 1.460457943773391243538216800 0.06008554687428509508218204582 1.228085627309975893429567896E-76 
0.03558612805720015470695759215 2.917845559674657039257748257 12.30446347998443400980979095 27.13372787012803537830616340 40.47458527476338094135241055 43.4997439384460449218750000 33.13112294217571198123180782 16.24417183271447889796709210 3.955817143614271970078688672 0.2026707251192686621959166363 4.773676967318194296357246742E-76 
0.00006501049938378855586051940918 0.3011838348324230121949690628 3.148826890872176576145269704 12.58652073108370255797695423 29.02940172220648631825336269 43.4997439384460449218750000 42.87571220418475736606722390 25.67778693272151201915781111 7.273609407666995890477173249 0.4127973422057682390670295576 1.003175616689154986988777744E-75 
4.411415079085681593677890951E-8 0.04397703286318668642303952903 1.060176367922049682586333054 7.055268310439440842941945495 22.87653319593206307068709987 43.4997439384460449218750000 50.83047893193834958361736995 34.36370283528619557981924797 10.56194923369739405401144836 0.6247353888120642364876903571 1.475832114549231070873343921E-75 
5.846174603789712206739660237E-12 0.008485326415540851348466051071 0.4490695031282228412279207756 4.598854675403672857905913977 19.34634237140270977618046100 43.4997439384460449218750000 56.79831684940095430312110547 41.28801914098922229643438886 13.23825149384164103782704666 0.7909061732139526198736213394 1.763368612589953144198234171E-75 
2.763303325572856459735504929E-17 0.002009491993215932011037424755 0.2324828237624886904258670886 3.388491643247998121009968977 17.26199923463993087711250155 43.4997439384460449218750000 60.93484821818592492128856607 46.19606821196777537043117494 15.11379838056927461695742242 0.8993901297999153580549929454 1.882391386802881744630558735E-75 
2.523087404334066429603986272E-26 0.0005899050719721673320459863099 0.1443878315391905765552093391 2.759874982688033958350166353 16.04889922023794085791762433 43.4997439384460449218750000 63.51699706763374698878889667 49.23173879853514194192282655 16.23182374462217128790524103 0.9583480662215577877320300973 1.910864478944811885259604430E-75 
5.803733140166595586319194775E-475 0.0002377179794182404751148858358 0.1060220923018084200010345574 2.440343198475505388090028194 15.40600683644377951415443380 43.4997439384460449218750000 64.81755330560387772942726859 50.65748483606401950093029748 16.70494050270260811679837966 0.9794541345046578814814681466 1.912776394819746841695270105E-75 
